841967451304219
780598230444447
551043140130368
007904091915786
529176465227080
999327914373228
809144972282581
960654019669153
478257724249619
997556103790888
850219855706653
039607387952856
660123710454781
153511862127069
104960867971907
188619959425510
022090063421787
732601448826231
620586695804031
862771785620125
196355121023846
894982049654374
477578976564816
881353309282096
419009587607745
196507949657717
576146014729298
954706903076065
648264926660062
369223032797292
096420234011662
293530515238126
697943868739305
030305288351732
471258687929847
291340399978179
235787131406676
610638768934291
632781525181117
359668582257514
578348470884851
986697895287170
298635541872104
753685773160618
111061261138688
993700850201292
286178583864066
049949325244901
060763784704717
951082506546791
886754311657838
687733565913907
362983520268406
608876698188970
383337849542739
620100058584000
547718395733467
418292213970960
795940056670264
996488915867449
684578987670123
772121009397126
074736508508969
801995493992098
303767677298969
118979118734624
891451926418212
859153346723013
823639458322637
671516467960980
278537964807044
595371406909694
647883030441051
271789070337866
004026362193934
528450860320156
696062493497357
678405057556364
127813125198298
232576586859630
776353296523242
509654453354543
554656715010852
605393248526234
512827788998377
865882037841861
229469952809859
776441388250880
647355373787426
371416441560318
235390032715288
992047776266632
964796538135800
186818524654952
640970799825303
780088143407756
215047285096504
747985858319051
812989638015416
013070501875011
451061792039999
515833315144819
365663033537685
579737364214453
250939521535033
576496678951279
931292799515434
061298536818227
765432425005520
710949988296012
036624340687793
849810239184369
558477925141250
006184715101141
436257991151383
030718320821062
124236169383449
687423326062398
407655086409517
198352022107324
324798246205023
768020333990219
274052117881177
728177913136003
423850737939127
650924078134115
519575861371960
185474338911284
091414205755618
736381344447392
460327602884882
217784261029986
742100769035055
461909072303029
607124933268981
109951592150954
214791087168905
094343236430932
114782795762472
272570190831417
629689821990102
289889792656486
491236592187865
259412123800005
418594983667824
840200033064342
682638425556423
371965948499125
934777975437449
601064898084793
730339591963119
844365066888652
457476522212653
933329104712527
270136307880984
518032387470321
290068594479188
069966042251768
910085559647233
647549269345715
732240844322222
842435143157720
749970992175152
730338765668907
416964359524691
513784578253442
706628741077944
781147815925304
967778754553775
432240511802048
728598079664067
010986551179726
520296701900867
414040755669287
145116614549893
416106474320504
081572509916953
088842739579572
231732759203317
038471837685154
965909421828833
946408545944280
576774031513157
324137846445706
494178051094310
850329302788178
434378425591687
656961280245360
667966425305675
152665506122130
135820969902205
732830109570099
549578217145847
970968225298249
986098920536270
076291780281691
112637801534434
369869489327117
091209589193370
920137011221378
714770437754429
947602672851596
120867756701360
284354318117120
811411273047338
256967525412626
035697827626525
372490148317284
020250304671700
127130433062153
760014540798400
419029036298670
781947629746414
278392945029875
489053967761875
559351941365955
410456116681055
913266509324725
241658686946239
445305457194689
190058489943334
991505084254204
438730736815573
191828637249846
090082963499311
432239162618980
713148557970333
607082333092124
564108943478594
592473487970734
813078344420994
204607828583378
794323933082516
069115545064971
067555662687465
223779365747900
408017651616046
794798867560133
973741024057557
631638814393357
610391994258192
741372156761266
045158962584646
851286813058970
971457231392070
966935341053191
621561621599312
745238908114593
488871404196483
373542416407144
885755695878234
405710288505360
973716873376155
337793569309927
327084794034048
331487148923779
737925298627580
172074416961943
174157376827997
376882252281592
218906113802722
299150977916469
637360902934712
954710070094900
817070843843543
238427321954557
750513350597546
681810018194330
357007138671797
491191154033174
261094880699844
264126500621762
227373751356237
783813136320633
525000649060275
949005559553019
555799242733619
646876421777925
093116137094213
139619705490878
046190176050199
506598055344442
401795876742666
255386753388251
397342949721052
541961465708479
184422997707024
532683336635367
491792537438032
702247811095597
685316015405258
124417695732436
208757229543486
752826372731654
258435935367142
222325853295489
185248851068464
818715977418818
822026884169401
341479211757585
531579419195118
021843163502842
499042632850907
779033359742152
449889199107332
727178956975891
714556078508563
251143415355464
651614288546470
886041626431646
794940042979305
130563527934448
131079576844782
927563601573349
905960757537568
012704451876089
915289610242116
423527509208431
713170830748748
474269894524611
418466492504862
088434301279531
330858989506949
619666336726752
328043158639101
850481596311439
929308182696453
700492016380240
975444318328134
781634128208404
278101933711521
558610566804915
890737110317580
950741501469494
095221117028359
669925249436698
836388960639102
836019503347429
845035703665048
224770220055768
097201966828972
866309255781635
978422128840610
800619845207945
976547785774669
884642341910350
798556378732251
520007252497459
099223165424487
095406868478358
800826614141572
757841671350084
761786028810262
296506374381614
362267017482032
206390123862441
003285928206190
132100925026547
330135523681690
817028391357936
201262585486754
944529433071965
464280727077850
201354348908895
956574430210959
767019794942841
387488867199984
594516437317998
499134391335336
526295682578305
098110851503355
230228012647900
106225121640445
898500023853805
094568242033951
873119000711079
135650856819223
369510450622660
030434146140629
574933153037029
615190909796538
770243362567498
701469758129877
114988511263671
487982904206120
824629494028291
987360403038764
129131348042393
848058368645759
506177949836399
069135649468578
351589048032228
667655779210185
363855673531251
349675784401039
256571869097431
094891157083193
340691540462313
589203770556355
464703584720594
207155734236816
883607239610782
553296555337510
028059408178853
148971222904621
258614204504599
881461939983366
335176984011364
644796582876765
547060103125883
867640371143894
043454175142543
453483855418573
609820760066051
828434329002396
355269089900126
153777561312494
562157277873746
512510984623776
153505518358624
265943779467902
142524142145505
244134241909842
979139776080378
037125019700741
212422662716462
396750279302307
942086429138442
446098296885962
873576821168635
752116929052891
846612890815076
128609965651563
893018254831896
812328333234247
173621753941806
193189624542020
863242751329735
496275245753526
070753079327152
435767442225868
195549707001800
584940304215867
498535990865288
307896195554569
006248839702367
979241493903926
083032434807756
287162515119173
521709459998419
668551514919176
104186470073656
401245600406950
308371447281042
629662045676784
087948266873250
998404212690807
508550271762464
548194537743366
535085662956340
414764709669333
889728126235024
251018127478714
629289261723966
595558113148009
672141639845903
182945680120103
312317176150651
527659783901983
169110209653985
505978515460195
708531660239144
895645112583370
992711459956565
521051231522838
749179900617098
353970413472394
329544225355393
965047039740158
148582224996524
257450200557687
524399126385569
337697445358709
256713810097931
074922598243192
684688295064682
820385454033096
652493191278351
462854565842743
045360276323566
414365829505773
149576109851255
160420661546945
709482712233771
202481724547872
882862857450754
373960791075561
477701423986677
523698983043118
575626036431714
152900447292159
803483443536094
206774659322715
673217663396412
635714709435637
299738767430423
848638473930587
465181411104917
707778681751487
107487256650445
302308467336546
093174184456621
070043608992159
315611239106816
125784449179444
123496076302543
558405797178112
489301902555763
970053099797421
221941530498969
111689793177404
015318985358806
657500474666171
553444717396972
036950420338179
541974995233337
578168928919389
794711026802338
474570119836890
409591767902542
475387573676349
133918243966954
926413489422897
235838100175968
005143922010638
316596601674515
281654717997918
522149711155069
376913539419975
161443795021533
689555554286749
146054442866153
368580951315495
912280562561402
554897393433558
062166965568856
607002713142842
335622817116394
076698923916635
974000141099499
350252097159004
003007947225201
015138380146405
284418177707846
787456832464428
405066638122394
778496503774948
532373645185054
007746536755772
816400892749607
573206207058519
684797443591844
300448025132493
965451507992070
083143744351526
500875645816507
748527844140147
356311513868992
678762754715659
288114279835468
630042101799866
721312247538203
460653872350709
708765931939533
141119360009393
719685474468232
470780136274194
176761767860914
248960940248621
732191680630319
929292910744668
887153022316420
579532901953075
385371969441842
120388083334452
749340941482255
451748196265606
667461450239700
195440029699563
906797386614461
303130672606126
740524465002760
074930128291919
970707487346737
886736955128715
628848784779765
261389991600432
119460525051291
622370799970051
161464455156719
964784560837203
091280593880956
748655690607633
060997095078049
760231745871707
622134450750554
698495634423954
815531571981906
379458274762120
722110895577848
847229452261996
582706690594703
420789052220906
412846028737735
952028320995641
906954199710090
439489158166985
985412365094433
704361652338645
384412845690995
867736328856959
577200650770679
617021958758919
583356662605933
750222818167530
871743010927519
899759073380082
705046272846789
816033442937541
577252816944631
728080287159927
473147453521322
289039247014219
653688438524851
366480389971945
517624623152013
795272214171101
830674599020352
693836008286695
661689243536564
259522506554983
387720582570828
157303215935017
027063536818099
525937760300825
765356263142246
241480685713417
997991308727805
477516614091181
034614525815702
583141764956631
814764091841375
621038577774008
197648890500523
316727585253289
030418057942962
945526822017107
120591335290032
090966075685692
010277350411054
953659532442957
207198112748435
328583242922192
394439867547723
289828886906497
401193617569360
236532338329483
451826934576508
371667117251770
914243497166179
749173148267575
869417711801126
496360017239669
712704022916439
681819620984102
047963463648174
842098494716977
125069572376242
431958994156649
533540603491261
331726951334030
309299415761643
950893496844656
931248337966501
820247866493617
617279162124043
949317150889344
840186692212376
324816361665760
164893636422261
573674008163471
601597242305878
088551413447665
719487841162130
997732173504923
220680917152478
184326019994689
059017641402665
975075987628353
920169758022582
847490463221995
074754527306196
602535550807286
645012970393690
719241219689807
793937556455026
175383375303626
200536228686192
987578846764824
966751004699525
721828780409885
619396827381856
495719738661565
438146515730087
718829624551105
350162856560811
934784948933977
336986878400012
064909976226012
319511071628574
427995781715194
360092344932177
354726950590170
338940900865967
648312956870759
598065571081727
182504626990844
492670162845933
457432483848894
282204308055519
742515966574425
641746131726574
611041978831750
186190202188453
869246732297317
653506902461637
791752218249916
220748146471827
006619117112492
930564188028880
094621884403782
078292606473177
404797066328750
977879502104980
256977886495561
186345634161217
129771766696050
450760909314916
181267283595073
636180659967481
582089387084151
453550475049651
469788873438209
393551980521635
827838717278898
988240138910078
656048427220577
559219492978910
921336661935360
158454214043337
889364858700983
531598060528072
129916463039091
430991105472585
530855467881334
866999102793007
607240210549923
879619151268756
670160699296991
264257309616948
887247213386332
301260013335546
903330201000652
402273874046020
812591707475615
097028365765672
571037821487922
928108079559979
093280334970180
558533049372080
117742771213302
467939481607924
192434848970807
537131136908506
170647877004438
508685567690986
895633547763665
809737392207221
503638348193855
317737502451142
517518075236165
474431085850180
922382833091734
484364350464289
304888999870821
662448623258702
053978443150141
766134329442762
131082192231905
745374286108893
722247945684656
709794348292106
230450353603056
696873080618125
793707262348534
832582761758647
844993679911494
213299473768531
345752867753576
616203741726163
304186879389249
249698547358752
631228604176988
796755899160787
500408472958994
837402042208855
087554613842426
155514333222684
272150835547351
376868992750170
859820637214223
286912897589896
536920743667515
976265818736017
614271263180493
189386976486884
798227805249296
675658529995202
723927532705892
145495982589609
141928343579665
851512245011372
084643334414715
317815553307525
411493857694619
221223052005056
134218698500630
116540531089570
722374021182717
721247480436676
940845018839336
774287186083031
776705809804223
116368669764199
824664278052794
591545188165968
621701534028834
090592549115851
189548307330373
130105702303425
090731071220674
217467198564151
741907803224658
536708448123213
280266245036795
983546291456890
364078764907459
135576901174863
700558237743129
502631286001953
403078952088336
296584181936134
322240703459727
994030850751323
913669929977165
825197671502611
367656904546210
969040278778420
497347199655275
263759932324563
141125899923810
313482493386296
811323331450681
102546275610197
262519405616873
534028787974388
478734082489625
649410797481299
294094644989633
413487270971433
457805327681847
958228601754633
350313012129225
712514507372443
248463987245958
119629710729908
046505538494955
714186104019193
687526921677908
664819453418773
500414542672003
766373725869080
160057425742813
664378688488206
159963108812306
176790203810403
731860992730860
516083958985209
413185047755503
738185668463792
642132400196293
882068404823983
248730024979639
641667758984523
497798345832295
526821755576406
876027747807411
118859048861269
662635948040307
921312058340471
896929549429304
744995637564142
233191108253778
556608956726500
780012789592312
466700910369143
109293276474016
263884605213914
548628610533376
675032898181177
258638133604967
823632514578161
289860593584989
501000509382277
801199341865801
844453239573401
575212229512266
398793257558614
700204048482165
439740077443101
849403503522529
608588842361815
136821230923037
658116547831713
812778022117886
891266540800881
345094052045503
304467320507938
602355921131308
620534911487954
050541050510903
767688103377151
584738743903813
373420164822778
317970201607978
567473266162604
748450613413217
992235696985873
370747129260684
356604487127733
413895882904211
282039138417806
769265372800328
831165136624521
090156908023713
771966371987427
758267118643037
345707555300523
745389740394451
935064585771901
928642185086898
338915082333308
341861946863572
183763245788562
372419988211127
750831685806848
485231781716030
448388402478551
936917926834330
656756502040857
105439985209387
566211067632913
200618466981497
948078898682088
775969682673031
678385956821481
608987897328438
493019650340473
277098859305530
038561987069180
949539882016472
856063412260698
713663547947349
328468596408179
363025240509818
785033307875168
806106485577128
183685649654612
772185026868590
537272138293597
615550074939440
486209837956019
242036151389069
664577628565864
532011285124828
313741250162826
797325968904057
379334062500152
758062170435697
952975522495429
632269107069950
213496718516859
627681621015317
637818629230104
501153385896865
582087545468060
500016635958217
883410104421352
150751248931762
656029337496784
520217171890858
537892100251416
638639794691576
655106381736067
066177733046702
998466146894206
089812379984109
340674213852341
898236230494731
690582668253485
245534320383595
112883899710128
867809626992996
947537777223564
076953654492683
139924485049470
904898997994944
073120832939230
832103818632282
340835451031193
020047026898731
227045041248553
398165306593299
951682031495852
953549057534810
091750349374887
822337383092212
213584976755071
203422043145309
189070124503401
169214744820008
493006761441715
597395524091870
096256761464883
898204369528736
362523697759103
900827529849808
675831221065577
933576673521886
696410791915996
082620621530170
947719079938434
826862551010657
721102189441321
194785573367207
969207574542131
846671328571979
932123504716901
532973010371423
719136932132963
535177829100024
437462017293234
564287410163055
493060042770762
979952562162494
751992764336787
281379375888198
826034521160339
689591111608169
316968856263755
460625716713530
314556553409176
623014789906419
209568189633015
820533959245981
048858671062439
884034623338312
156885769831746
303879386172507
900722477160254
882274903653335
334314659257415
248888947883172
856968071551599
997417256632656
447659576807464
647256947119386
444416968912542
770139873969380
376734710482741
240174330632071
504660890547416
452620233813885
781825005819991
714751518385079
845523324769667
602651729343076
117163850959467
115746902204304
508140361809329
950414385544337
567865261789700
826620207366988
178350320377568
420825797544497
227704556503086
437706197045542
306641951131530
970963076373522
751240748596275
973512627886467
661757308017603
764684931408869
185832394626247
353820071333702
420835505610218
813698830891276
370943046611614
155797413906308
604416076148148
078356634806191
334631432507105
515395202393916
529192772506241
426214931055682
665596038662216
340345639163360
941623500898177
729998189146777
367364494048699
223380711566021
042131910705595
984411499919535
409128258459112
383513935719167
306471652283354
722523827765571
067602379472872
250072411636075
965631690595250
269120480578141
561535121555695
573712851437427
762806486329146
207632485700090
647898562916801
813644309456752
083521636464003
284519801647903
934880119438881
344835740316169
249400630227292
078936450393202
131309859304525
273894195384863
422896485001753
997943915018487
451486100027337
731902281512712
753289518970710
374932084002245
828033619091810
398066269971158
471339813263209
888185716927216
983577170127112
792988418119380
838088971962773
106352721107457
112478682372937
842808116327151
355545270217266
042494444580841
343751651978940
493985972059392
643091224807900
883676513820322
147485124198853
295531958233650
885774682000185
907088725778001
105493345604635
994885810304365
989609862508926
356686847411904
610821555223108
120742434400317
617852514682404
045495503519688
829544372426865
710774580501910
514431469929220
820077389500070
643274092739774
805654423439079
216223981599700
229809782328183
024978512770892
279583029474569
834676181501617
169244749445351
403317744351237
557628143929626
010569866335286
195114341947681
709013694521248
138313341098031
608031544562045
677046954449130
427974291767752
612908099376561
806944349566952
335752945866211
800611590069912
293679860576957
525202518848717
379534489237059
825589236984736
156704392212033
074511978796204
980337451220168
287592499405879
265474773333244
648880181484011
205642884984561
081969885818136
223124459628870
653774270096758
491780370771370
558945748575288
547982960111551
061126869445077
258489849744782
119122104576775
197453553871118
001852117097897
338746126670642
176134407364187
663683920140091
051655932557708
015076174544806
837952645985151
243554889086808
633461689179874
408834707584430
826093219786168
297398252978627
202172980739886
969133446696458
094894049777094
458381152404034
615681817766717
708880523308318
175623833550757
629910261933835
400563091279817
283519854422280
874701878370223
420568551936211
772437583032445
724704687325029
120767429428383
937786338509685
813988992014783
774873703393731
777898956906627
783344349640691
507682605820305
964362727209376
323692810124204
477837279503136
410636843585832
413005095374934
243517906589093
560102961731937
276313893230974
714314606216115
501287716402468
525414340211565
497900476644377
004073180710466
027552669047266
433272898163571
211319754956122
946354152450893
192920868596775
196738639412508
665603691952974
833857873803972
354756991034477
354985758954608
334794654604230
234975086084179
392699372475611
366103909144927
316385674385585
989082310735660
191378519195528
827956149797850
115954504770029
466555018622587
995418379156796
266046497285018
518341456270874
693817806378775
856807468771648
033485039043980
297446007603388
318848618718233
881778685499254
285387360292524
637318138028110
843590232375110
604999583211125
244076728186336
898571601760507
633870314066364
833626491235992
766692865000612
952605145552493
817055676395091
751611370577341
800213756277039
512456039220441
661569093886051
227861419057863
546837301090298
790934141199643
001361129754562
766086668606311
916054955048550
337117123447167
574847938607025
624264488600047
947566039435214
680620097368040
090015880930945
149162173322141
504176757165944
445088140148543
349238584462474
060086647621097
956975297673969
032105654853409
478693074018720
602063393958734
974805622768332
321178151622220
822366567533329
475564356184460
636166530242107
442782631497441
372780022721103
563344933258286
739910140506327
642235112187057
657447766341025
809984809961668
518604728274092
650442685562175
295872017134792
320226914546162
248141492032039
250088942478907
127100181113836
793244128983723
312597737603426
175839846078825
093935673713519
735070608440406
900719791273891
294626631481274
453360930383914
384367376429077
309966214300923
765069180246281
609897809507973
741249129988053
145374765024170
149130370037254
006891267069187
269654720072823
153570760289233
093980997752120
989877239943823
522902648834203
225116190748257
686921304784173
065883978369711
746343986491404
467829552387374
848796899270806
586023463658642
708446439577830
727205856031499
973465248068137
113163181680500
506426514376158
853270274479234
273814458822747
899925243290509
104893252126438
763329567431115
497652282098505
055389188826160
091205312577606
778588269083026
843416193105822
940583215085994
931185184034032
302872029379183
802523763608685
103677059658313
591392115427990
715374480573692
446240075060916
662178268832995
713104921402804
787739455995127
552724960519689
358684606180595
819176686562779
958801563218965
642584852316651
219427279295826
344527109042115
720687501538110
351699269371284
064640605850129
288583015114962
555464089495528
353974059113173
133644234689153
594483096244650
780911403208081
863366835086036
777549957387221
992506017458253
541522330241981
997242328326167
633567501601845
359614833855574
525219887417085
301543277848482
250200656966347
061627696715629
400580521058759
914951651153468
065879408806783
996039959365755
725986250031102
069819869355106
012639994830643
159048333925084
431223941036011
904659979433620
114680004252526
188467400973042
727162621527322
723694666355609
403660032819807
393609461631696
461529048611233
581185808405198
472635024935797
973214754141688
658565280026483
181950138206082
420508606464379
542173949088631
369111578245346
159073014435820
787112441843290
592324195926048
742362495138590
236908851760233
655346408187768
537425588782505
476836015342140
876237636421872
671673298444728
356159413085061
818729937904973
770581842622730
189753893498123
354439122414906
194147272856367
877841925970822
217518580793246
981430384749279
289697182400617
748187125992896
271452501105222
274684694608420
826965344598135
390876260531613
029598250411225
695386218146565
630449483433508
131179109920417
996691969984208
967889887110457
057976196438913
351478888375040
896539989700760
709554596879327
368335099675878
434282845698965
267075984089977
379108165758154
810443682745589
239391033159131
289535457166300
683748655996467
373697713832391
135992156466868
706365872400834
124233023901495
135136030421273
209376991810276
437137085151407
464859217416660
006443237276529
914850357562451
941585377251634
189014844001477
340155582439766
706157792676086
523875403214599
049412697860193
390243445900150
045351369193086
236234303523264
395567527855492
347370202812856
641933944759071
624378215569006
051304410171422
922382491559805
139564735709675
376313175513196
739794101249675
404332623177880
154797094257885
666787120244844
699827762007266
403384369833148
954406577944622
265051669478357
691618416359880
822585934853949
584052009786141
422068952273085
802822892570243
324835924018877
370336241978481
433012603014598
497391024359953
436534847243138
189773441223313
961059899492662
783203538503417
473418064948514
684134345743321
421876234643909
235925426850025
388444262975834
537865862029631
381233126212533
722215630904098
468190144561548
761255473074592
681020708054652
646319762632101
534141284558463
768871398409836
344501361078892
907308509367002
125345372393420
410185081878086
085872523864726
821573972113924
141576197192843
973011244890058
878701388900282
137429085069393
855001486876182
293670431484992
459892242865960
405431325417380
993642471451168
110017893205150
065699071360289
558478973458372
595720407951348
589108970184169
461825556438782
220095369561039
832090660193413
694538846989629
581978609446101
785584144531365
723777836773321
032507362175862
692957309725629
163800769960458
173635206806788
440676677559219
564871613904247
604108726095391
114226783782433
411219711742055
600212411483258
425344776224515
637143688073079
311177632683066
144127306339141
234691682669505
812747353169078
281776265752243
282318278048777
928296088169812
301273941546197
257541432919681
159146608648550
716057479009790
550863920956159
561104781703120
729499140607946
041436119403377
780872332681182
263747266840773
020933151154481
144416386772959
078331926292851
403846029514265
823574463383890
829939306011681
790006870425267
107020608273755
219301269715119
429193393136457
421102379102684
346868986489189
233968990868545
531085627538379
573572547577532
778624979255640
623639204804804
800765129803318
981451830562585
015160373488259
028701438554580
402303515095093
782552270462531
626813906771014
545389295515220
700137133794889
779983696414076
237229084532992
225135646505331
094557907458072
261566439751708
998709370736717
961874856836450
525651315833087
767057188889953
367610799117417
498753080273491
090393383108629
948348151308597
158474511210317
848966723804927
891195414410784
747962042024816
081227994274754
658581644446129
696264368131904
097993263622553
210350854780878
765789956128844
805861138172759
016271471188450
303634821730407
561365563600788
225841875779628
666855990680150
212406102071096
400332853154790
113022096570636
258095711609417
794016918384496
618728366556754
326050694179065
687827418243812
893408790356050
516055400179854
362981963201889
812470760795446
421059743046969
405231695456508
212629305158773
855293131814801
315521541234684
131094971376380
922564088598878
483158802017718
703724155168288
614498170921108
041770291426285
927857724109100
480893149918103
760501348972340
603385600290860
507915467601929
142422060454709
945744047532079
900437877123191
645402361267018
100272958418478
962730236524745
698121969798083
316470261704278
355403528152469
096243862155626
714761130700983
702648379431218
713484725817449
592461520983458
606598522673817
435171562019257
502946254749419
143179543400639
456908474928276
690882389661715
196288104480801
183882256033692
603013432674012
421624104396856
989878914000252
819863276967554
444999008064311
807108433176412
075406696719439
608535689226772
031157421143572
975222112561190
316228194657471
210612378807793
150826556229762
362033707585515
087692726521318
953543659740655
717273941989376
322336655748302
531169261441169
483859802797059
130451480355123
513603168080643
284312953539851
333139058635645
317480085388021
520164858798506
008516246813336
797614538110689
186518907070613
300077539095227
205431400830482
465526995296114
880043683355177
335523618444323
757513295127104
795186838652762
269340325085874
799413810897789
981431535505162
158334701348481
445534105972381
681612957666156
672862586844585
232232676538285
081898685076795
210411106399801
611665049783431
030295318273784
684705475706425
956158072471361
697143164265090
006680976221738
572527712771127
526523912921845
231849001812184
088620622682675
974178755263214
009085329218758
019811412782735
866125458075021
780542488162337
185435231758450
613012776731731
529150410044056
589034548874353
988884306203597
050112306208525
306713377900165
902565458937698
018164104862555
920132194944319
463023945077182
467436542793063
300998966278160
584027606104294
843693656624564
571407114501969
872363223307128
734944806395978
027381673499598
128682474854096
584831943233001
938375312339186
285813308928934
363571177540836
658218628172377
206563323317284
912872853398475
726929971092495
456522869055199
980823843146510
549330039748362
594234417867776
671055641510284
044665758145241
058686751567356
989136554988373
704086186380840
757158477638320
492084837356825
429780001520610
214782681020920
351067727340335
561855871537182
785719442772265
732848624343163
263028132570431
480427647619739
354054695105591
335157634371845
535855128328068
006303945676719
724051383100512
410266955078741
649027209832465
250555244617548
364079305594666
549240460476603
574120939277763
472236586918405
327398872911909
568622456143474
387026440895259
191728532845526
165027592592845
714474248370492
946150255885658
118484481112701
178562514336773
671271002194416
097138904583973
209329862661894
861872227592384
057750693231012
387659187847426
076401098973175
327186620516682
695377418158675
634704782713906
736096387867624
083250590341567
893073737156692
382843864812317
080680165498616
631761348612875
902652425705060
947559776252030
721927532308103
343993303735394
590298151363079
046605569442573
254817873049282
211745581496281
186645770255929
198053267962231
961856033625959
975797730770217
405869484945686
477913111726636
782293982419343
819280469732272
104715754677848
760648199446269
301171208080862
763044494296627
814717839625228
565320095489096
031370403416989
690712122630115
734410686831527
895860936383760
387361921373819
306303073935964
830016171702401
220325426795304
409101570374824
820288257316002
045214967251513
578734836336451
290657300538820
034874761097385
642197050053702
475990658865692
852097293433781
844301849614530
269221173461153
336744645150131
101262069546876
276782631188468
452224418784699
801185795470765
783605758208797
101635701551112
218346094433319
063824234110007
709426287204863
779626256310112
549313111886192
533085993252809
365422352082365
753806148130456
624493259818954
819007130811051
315291442164275
576385620854519
103711355860211
842629677764099
440182133077440
672812348475647
794840757234707
706476468538327
334687789346568
972305372922343
410226973202050
420184231897927
650471615286553
439955702674147
671525203610711
982193462894709
499772556897842
408804381480137
970041037564383
029041470045822
594434033923823
441958844477182
415124049013670
823937637631386
714149926039870
505464562807878
391174801741417
967688433452147
053384678469348
509412132871562
956533238595885
144033446318987
691680134624791
238017235022292
085209726803656
728942016452953
241889946690716
964162193757638
847342834140588
649892045271991
088664004442662
260223842925168
916306850657466
159705686067945
787742559857007
200409674322313
335924488072276
007056457515217
219792862963895
030994941369217
017667777161492
601499721961858
422881444026772
847383710073575
928725797483638
591439478213229
138168928181846
203533115672750
436315095953621
597497161353724
